Peptide	Experimental	Iterative_Sillero	Iterative_Patrickios	Iterative_Lehninger	Iterative_Emboss	Iterative_Grimsley	Iterative_DTASelect	Iterative_Rodwell	Iterative_Solomon	Iterative_Thurkill	Iterative_Toseland	Bjell_Default	Bjell_Skood	Bjell_Expasy	Bjell_Calibrated	SVM
oMLPHAPGVQoMQAIPEDAVQEDpSGDEEDDPDKR	3.99	3.842	3.613	3.64	3.697	3.447	3.674	3.674	3.683	3.609	3.522	3.84	3.64	3.89	3.89	3.894
ADQLpTEEQIAEFK	3.99	3.96	3.747	3.685	3.778	3.678	3.644	3.762	3.733	3.827	3.731	3.87	3.68	4	4	3.998
AFQEYVEPEEATPGpSPQR	3.99	4.087	2.959	3.792	3.82	3.843	3.644	3.855	3.843	3.953	3.902	3.98	3.79	4.09	4.09	4.088
AISEELDHALNDoMTpSI	3.99	3.843	2.959	3.585	3.737	3.523	3.643	3.673	3.63	3.703	3.573	3.78	3.59	3.91	3.91	3.912
DLoMHEDDDDpSGDEEGQRFFAGGSER	3.99	3.842	3.613	3.64	3.697	3.447	3.674	3.674	3.683	3.609	3.522	3.84	3.64	3.89	3.89	3.894
DYQENYQpSDPEAEPR	3.99	3.77	1.341	3.502	3.638	3.457	3.532	3.593	3.548	3.626	3.51	3.69	3.49	3.83	3.83	3.836
EEVLPTpTPVSEQK	3.99	4.251	3.918	3.964	3.98	4.003	3.803	4.017	4.014	4.113	4.064	4.16	3.96	4.25	4.25	4.245
KVEAPAPAAPApSDpSEDEGSLSR	3.99	4.151	4.032	3.92	3.952	3.819	3.875	3.956	3.966	3.96	3.886	4.12	3.92	4.18	4.18	4.177
LLSALSGELEPGQpSPTR	3.99	4.538	4.213	4.26	4.258	4.282	4.082	4.301	4.311	4.39	4.347	4.45	4.26	4.53	4.53	4.527
LSVQApSDEEEEEEVVVPAK	3.99	3.733	3.461	3.437	3.521	3.463	3.377	3.527	3.486	3.595	3.518	3.62	3.43	3.77	3.77	3.777
nAETAPAPAApSPAKAPK	3.99	7.31	7.554	7.227	7.359	7.225	6.876	7.739	7.253	7.225	7.236	8.49	9.9	8.63	8.63	7.674
NGQQDAApSEDEEEEEDEAQDTPRPPR	3.99	3.688	3.564	3.448	3.503	3.338	3.427	3.503	3.494	3.485	3.408	3.64	3.44	3.73	3.73	3.741
RPASPDEpTGSTQWQSADLGTDER	3.99	4.055	4.032	3.842	3.918	3.688	3.875	3.883	3.886	3.857	3.754	4.04	3.84	4.11	4.11	4.108
RPEVVDpSDDEPVESQQK	3.99	3.974	3.909	3.752	3.815	3.618	3.757	3.795	3.797	3.777	3.685	3.95	3.75	4.02	4.02	4.018
RVVIpSDDDDTPATVK	3.99	4.053	4.207	3.872	4.02	3.638	4.044	3.917	3.913	3.846	3.703	4.07	3.87	4.14	4.14	4.136
SGIEpSDEDPEAKSETPEPKPE	3.99	3.921	3.736	3.673	3.691	3.604	3.591	3.716	3.72	3.731	3.672	3.87	3.67	4.08	4.08	4.075
SPPpSPTPADTAPTMPEDNRPSSWASVTSK	3.99	4.519	4.506	4.31	4.37	4.162	4.337	4.34	4.354	4.325	4.229	4.51	4.31	4.56	4.56	4.556
SPPpSPTPADTAPToMPEDNRPSSWASVTSK	3.99	4.519	4.506	4.31	4.37	4.162	4.337	4.34	4.354	4.325	4.229	4.51	4.31	4.56	4.56	4.556
SSSVFEEpTSPVSSPTTK	3.99	4.538	4.213	4.26	4.258	4.282	4.082	4.301	4.311	4.39	4.347	4.45	4.26	4.53	4.53	4.526
SVLQSEIDApSSPLoMYGTPSSR	3.99	4.317	3.131	4.072	4.184	4.015	4.082	4.133	4.117	4.189	4.065	4.26	4.07	4.37	4.37	4.366
SVLQSEIDASpSPLMYGTPSSR	3.99	4.317	3.131	4.072	4.184	4.015	4.082	4.133	4.117	4.189	4.065	4.26	4.07	4.37	4.37	4.366
SVpTPPTAAEPDTTQSGPSR	3.99	4.317	4.213	4.072	4.184	4.015	4.082	4.133	4.117	4.189	4.065	4.26	4.07	4.37	4.37	4.366
SVSpTSSLDoMTGNEAILCASEK	3.99	4.091	3.031	3.828	3.928	3.802	3.803	3.898	3.875	3.96	3.853	4.02	3.82	4.14	4.14	4.136
TGVEpSDDENDLKSEGSEPTPE	3.99	3.556	3.398	3.278	3.418	3.233	3.318	3.381	3.324	3.395	3.291	3.46	3.26	3.77	3.77	3.772
TPEELDDpSDFETEDFDSR	3.99	3.429	3.345	3.16	3.333	3.07	3.267	3.271	3.204	3.245	3.133	3.33	3.14	3.51	3.51	3.537
TPEIApSPQNQQR	3.99	6.361	6.898	6.972	6.41	5.977	6.026	6.14	6.952	6.177	6.517	5.74	7.34	5.66	5.66	5.662
VEEHNGADDEDDDIDLFGpSDEEDEEAER	3.99	3.439	3.096	3.207	3.294	3.053	3.25	3.271	3.251	3.213	3.128	3.4	3.2	3.49	3.49	3.519
VIPELDRYEAEGLDEDEDLSELpSPSAR	3.99	3.72	3.298	3.485	3.545	3.366	3.474	3.538	3.531	3.517	3.436	3.68	3.48	3.76	3.76	3.77
VLQGQNALApTEEDGSDDEELDDAAoMoMK	3.99	3.429	3.345	3.16	3.333	3.07	3.267	3.271	3.204	3.245	3.133	3.34	3.14	3.51	3.51	3.533
VQpTNQDGLPLSpTVR	3.99	6.132	6.898	6.781	6.339	5.707	6.026	5.965	6.757	5.987	6.226	5.76	6.74	5.81	5.81	5.808
VRQEGMLDKTApSGEDDDDTDAPpSPK	3.99	3.924	3.984	3.735	3.813	3.512	3.815	3.767	3.777	3.687	3.587	3.94	3.73	3.98	3.98	3.979
VRQEGMLDKTASGEDDDDTDAPpSPK	3.99	3.924	3.984	3.735	3.813	3.512	3.815	3.767	3.777	3.687	3.587	3.94	3.73	3.98	3.98	3.979
VRQEGoMLDKpTASGEDDDDTDAPpSPK	3.99	3.924	3.984	3.735	3.813	3.512	3.815	3.767	3.777	3.687	3.587	3.94	3.73	3.98	3.98	3.979
VRQEGoMLDKTASGEDDDDTDAPpSPK	3.99	3.924	3.984	3.735	3.813	3.512	3.815	3.767	3.777	3.687	3.587	3.94	3.73	3.98	3.98	3.979
VVIpSDDDDTPATVK	3.99	3.661	3.747	3.426	3.662	3.283	3.644	3.528	3.467	3.494	3.338	3.61	3.41	3.77	3.77	3.777
VVNYSQFNEpSDDADEDYGR	3.99	3.572	1.337	3.315	3.505	3.213	3.446	3.42	3.359	3.402	3.272	3.5	3.3	3.66	3.66	3.676
VVNYSQFNEpSDDADEDYGRK	3.99	3.898	2.858	3.689	3.787	3.515	3.757	3.737	3.732	3.693	3.583	3.89	3.68	3.96	3.96	3.959
pTpTLCVEILIKEQIR	4.28	6.474	4.213	6.432	6.355	5.644	6.103	6.2	6.441	6.249	5.744	5.88	6.44	5.81	5.81	5.808
DKpSPVRQPIDNLSPEER	4.28	4.779	4.68	4.558	4.545	4.442	4.499	4.574	4.604	4.56	4.52	4.76	4.56	4.78	4.78	4.78
GLLYDpSEDEDDKRPTKR	4.28	4.503	4.204	4.306	4.324	4.119	4.32	4.322	4.35	4.264	4.198	4.51	4.31	4.53	4.53	4.527
KVVNYSQFNEpSDDADEDYGRK	4.28	4.191	3.536	3.995	4.044	3.802	4.03	4.02	4.038	3.965	3.876	4.2	3.99	4.23	4.23	4.225
LKpSITLDDSNAPR	4.28	6.267	7.042	6.897	6.449	5.812	6.163	6.1	6.878	6.074	6.341	5.92	6.86	5.96	5.96	5.951
RAPPRDYQENYQpSDPEAEPR	4.28	4.511	3.628	4.284	4.265	4.179	4.203	4.302	4.331	4.294	4.256	4.48	4.28	4.51	4.51	4.507
RRpSVVEQLDDGEPQPK	4.28	4.779	4.68	4.558	4.545	4.442	4.499	4.574	4.604	4.56	4.52	4.75	4.56	4.78	4.78	4.779
TGVEpSDDENDLKSEGSEPTPE	4.28	3.556	3.398	3.278	3.418	3.233	3.318	3.381	3.324	3.395	3.291	3.46	3.26	3.77	3.77	3.772
VEEHNGADDEDDDIDLFGpSDEEDEEAER	4.28	3.439	3.096	3.207	3.294	3.053	3.25	3.271	3.251	3.213	3.128	3.4	3.2	3.49	3.49	3.519
AEVGEVpSPLQHSSK	4.51	5.62	4.213	5.298	5.493	5.556	5.416	5.302	5.324	5.578	5.484	5.43	5.3	5.4	5.4	5.405
AITALLGGAAApSPR	4.51	10.1	10.4	11.045	10.55	9.85	10	9.75	11.05	10	10.355	10	11.08	9.79	9.79	7.732
DSFSGSGWGAGQRpSPR	4.51	9.948	10.225	10.888	10.398	9.698	9.848	9.597	10.894	9.848	10.201	9.95	10.99	9.6	9.6	7.756
GGGMGTPQGPHPQGMTELGpSPQGLAQEPR	4.51	5.62	4.213	5.298	5.493	5.556	5.416	5.302	5.324	5.578	5.484	5.43	5.3	5.4	5.4	5.405
GGGMGTPQGPHPQGoMpTELGSPQGLAQEPR	4.51	5.62	4.213	5.298	5.493	5.556	5.416	5.302	5.324	5.578	5.484	5.43	5.3	5.4	5.4	5.405
GGGoMGpTPQGPHPQGoMTELGSPQGLAQEPR	4.51	5.62	4.213	5.298	5.493	5.556	5.416	5.302	5.324	5.578	5.484	5.43	5.3	5.4	5.4	5.405
GGGoMGTPQGPHPQGMpTELGSPQGLAQEPR	4.51	5.62	4.213	5.298	5.493	5.556	5.416	5.302	5.324	5.578	5.484	5.43	5.3	5.4	5.4	5.405
GISSPYNVpSSGPSSR	4.51	9.097	5.998	9.843	9.349	8.995	8.997	9.026	9.848	8.918	9.158	8.67	9.83	8.75	8.75	7.713
GLLYDpSEDEDDKRPTKR	4.51	4.503	4.204	4.306	4.324	4.119	4.32	4.322	4.35	4.264	4.198	4.51	4.31	4.53	4.53	4.527
KRDPPTPASEDPLpSPPSQR	4.51	6.464	7.124	7.069	6.556	6.044	6.248	6.265	7.053	6.253	6.583	5.71	6.73	6.12	6.12	6.1
NFSSLpSYSGPSMSR	4.51	9.097	5.998	9.843	9.349	8.995	8.997	9.026	9.848	8.918	9.158	8.53	9.43	8.75	8.35	7.603
nSSTpSQKHKDFVAEPMGEK	4.51	5.66	4.506	5.345	5.551	5.596	5.512	5.352	5.371	5.613	5.508	6.49	7.56	6.48	6.48	6.419
RRpSVVEQLDDGEPQPK	4.51	4.779	4.68	4.558	4.545	4.442	4.499	4.574	4.604	4.56	4.52	4.75	4.56	4.78	4.78	4.779
SISYSSGGpSIR	4.51	9.097	5.998	9.843	9.349	8.995	8.997	9.026	9.848	8.918	9.158	8.35	9.61	8.46	8.46	7.639
SITYSSGGpSIR	4.51	9.097	5.998	9.843	9.349	8.995	8.997	9.026	9.848	8.918	9.158	8.35	9.61	8.46	8.46	7.639
AITALLGGAAApSPR	4.76	10.1	10.4	11.045	10.55	9.85	10	9.75	11.05	10	10.355	10	11.08	9.79	9.79	7.732
AIGGIILTApSHNPGGPNGDFGIK	4.76	7.3	6.898	7.815	7.549	7.15	7.248	7.002	7.775	7.27	7.516	6.79	7.82	6.79	6.79	6.676
RDpSLTGSSDLYKR	4.76	9.01	7.037	9.714	9.296	8.882	8.832	9.008	9.714	8.854	9.108	8.13	9.46	8.59	8.59	7.676
SLAPSpTPLTGR	4.76	10.1	10.4	11.045	10.55	9.85	10	9.75	11.05	10	10.355	9.68	10.81	9.46	9.46	7.766
SLPTTVPDpSPSHR	4.76	7.301	6.898	7.846	7.551	7.15	7.251	7.002	7.802	7.271	7.521	6.47	7.58	6.46	6.46	6.405
SPLLAGGpSPPQPVVPTPK	4.76	9.3	10.4	10.095	9.7	9.1	9	9.75	10.05	9.2	9.58	8.33	9.84	8.46	8.46	7.628
TISLPVTpSPNSK	4.76	9.3	10.4	10.095	9.7	9.1	9	9.75	10.05	9.2	9.58	8.41	10.48	8.41	8.41	7.612
LQNLGVSTpSPLKPQpTPPRER	5.03	11.027	10.928	11.321	11.48	11.073	10.837	11.199	11.366	11.026	11.054	10.99	11.37	10.83	10.83	7.411
AADSKQPSILDVLSKApSPK	5.03	9.042	10.122	9.759	9.442	8.851	8.736	9.507	9.723	8.946	9.308	8.39	9.78	8.54	8.54	7.651
FSLTLSPDRPAApTK	5.03	9.294	10.225	10.09	9.695	9.093	8.997	9.597	10.046	9.194	9.572	8.38	9.83	8.75	8.75	7.701
KTpSFSNAESFSTTR	5.03	9.294	10.225	10.09	9.695	9.093	8.997	9.597	10.046	9.194	9.572	8.23	9.74	8.75	8.75	7.713
KYVpSKVTPEQK	5.03	9.82	10.122	10.046	10.12	9.972	9.539	10.501	10.052	9.762	9.753	9.33	9.97	9.53	9.53	7.75
QPSILDVLSKApSPK	5.03	9.137	10.225	9.884	9.537	8.943	8.834	9.597	9.845	9.04	9.409	8.11	9.65	8.59	8.59	7.664
RDpSLLASSELYKR	5.03	9.01	7.037	9.714	9.296	8.882	8.832	9.008	9.714	8.854	9.108	8.13	9.46	8.59	8.59	7.676
RLpSVELTSSLFR	5.03	9.948	10.225	10.888	10.398	9.698	9.848	9.597	10.894	9.848	10.201	9.48	10.61	9.6	9.6	7.756
RTpSoMGGTQQQFVEGVR	5.03	9.948	10.225	10.888	10.398	9.698	9.848	9.597	10.894	9.848	10.201	9.48	10.61	9.6	9.6	7.756
SLPTTVPDpSPSHR	5.03	7.301	6.898	7.846	7.551	7.15	7.251	7.002	7.802	7.271	7.521	6.47	7.58	6.46	6.46	6.405
AALKEQSSSPIAGPPQQLTSpSPR	5.28	9.294	10.225	10.09	9.695	9.093	8.997	9.597	10.046	9.194	9.572	8.65	10.1	8.79	8.79	7.72
ASGQAALpSPNYEGGLHALQNK	5.28	7.298	3.302	7.739	7.542	7.15	7.245	7.003	7.723	7.266	7.49	6.79	7.75	6.79	6.79	6.676
IHRSpSDPGLPPELALPAEAYAHPPPLAR	5.28	6.411	3.918	6.034	6.503	6.551	6.483	6.026	6.037	6.523	6.343	6.09	6.03	6.01	6.01	5.998
RKpSPDVPVNFSEFSK	5.28	9.134	10.122	9.882	9.535	8.94	8.833	9.507	9.843	9.037	9.405	8.13	9.6	8.59	8.59	7.664
RLpSVELTSSLFR	5.28	9.948	10.225	10.888	10.398	9.698	9.848	9.597	10.894	9.848	10.201	9.48	10.61	9.6	9.6	7.756
RPETVAVNYPALNSpSPR	5.28	9.095	6.893	9.84	9.348	8.991	8.995	9.017	9.846	8.916	9.157	8.3	9.55	8.74	8.74	7.711
ASGQAALpSPNYEGGLHALQNK	5.33	7.298	3.302	7.739	7.542	7.15	7.245	7.003	7.723	7.266	7.49	6.79	7.75	6.79	6.79	6.676
KLpTPEPVHALITEK	5.33	7.304	7.042	7.793	7.549	7.152	7.246	7.009	7.759	7.271	7.516	6.4	7.47	6.76	6.76	6.652
KVEEPTTPQKPApSPQLTR	5.33	9.134	10.122	9.882	9.535	8.94	8.833	9.507	9.843	9.037	9.405	8.08	9.56	8.59	8.59	7.676
LHSPPDGNEAPVpSTPPKLTK	5.33	7.301	7.042	7.791	7.549	7.151	7.246	7.007	7.756	7.27	7.514	6.78	7.76	6.75	6.75	6.644
VoMTVTQTLVDGKVVSSSTEpTKK	5.35	9.042	10.122	9.759	9.442	8.852	8.736	9.507	9.723	8.946	9.308	8.36	9.75	8.47	8.47	7.631
RIQSALGYPVCTSIGCAVpSPEVR	5.35	8.37	1.45	8.281	8.223	6.72	8.007	7.906	8.251	8.033	6.859	7.34	8.21	8.06	8.06	7.489
SVKAEVGEVpSPLQHSSK	5.35	7.304	7.042	7.793	7.549	7.152	7.246	7.009	7.759	7.271	7.516	6.49	7.56	6.48	6.48	6.419