Peptide	Experimental	Iterative_Sillero	Iterative_Patrickios	Iterative_Lehninger	Iterative_Emboss	Iterative_Grimsley	Iterative_DTASelect	Iterative_Rodwell	Iterative_Solomon	Iterative_Thurkill	Iterative_Toseland	Bjell_Default	Bjell_Skood	Bjell_Expasy	Bjell_Calibrated	SVM
nAAAEDTNSNVTQNPSGSDAPK	3.99	3.944	3.918	3.703	3.876	3.609	3.803	3.786	3.746	3.807	3.657	3.89	3.69	4.03	4.03	4.028
nADTAVDTTTTSEITAK	3.99	3.944	3.918	3.703	3.876	3.609	3.803	3.786	3.746	3.807	3.657	3.89	3.69	4.03	4.03	4.028
nANLTDAASLQQFDELLK	3.99	3.944	3.918	3.703	3.876	3.609	3.803	3.786	3.746	3.807	3.657	3.89	3.69	4.03	4.03	4.028
nSDTSTGDVGSVEPGVR	3.99	3.944	3.918	3.703	3.876	3.609	3.803	3.786	3.746	3.807	3.657	3.89	3.69	4.03	4.03	4.031
nAEEGIAAGGVMDVNTALPEVLK	3.99	3.96	3.747	3.685	3.778	3.678	3.644	3.762	3.733	3.827	3.731	3.87	3.68	4	4	3.999
nADQAFVTLATTDK	3.99	4.098	4.213	3.884	4.109	3.738	4.082	3.965	3.925	3.971	3.78	4.08	3.88	4.21	4.21	4.205
nSSIGTGYDLSASTFSPDGR	3.99	4.098	3.131	3.884	4.109	3.738	4.082	3.965	3.925	3.971	3.78	4.08	3.88	4.21	4.21	4.208
nAAAMDVDTPSGANSGASK	3.99	4.098	4.213	3.884	4.109	3.738	4.082	3.965	3.925	3.971	3.78	4.08	3.88	4.21	4.21	4.205
nAAQVTESDQIK	3.99	4.317	4.213	4.072	4.184	4.015	4.082	4.133	4.117	4.189	4.065	4.27	4.07	4.37	4.37	4.365
nANGAEDVVFCR	3.99	4.317	3.131	4.072	4.184	4.014	4.082	4.133	4.117	4.189	4.063	4.27	4.07	4.37	4.37	4.367
nASEIALLSVSDK	3.99	4.317	4.213	4.072	4.184	4.015	4.082	4.133	4.117	4.189	4.065	4.27	4.07	4.37	4.37	4.365
nSGLQGLAQENIWFDK	3.99	4.317	4.213	4.072	4.184	4.015	4.082	4.133	4.117	4.189	4.065	4.27	4.07	4.37	4.37	4.365
nSSLSAASVEASPAAIEGAEQK	3.99	4.251	3.918	3.964	3.98	4.003	3.803	4.017	4.014	4.113	4.064	4.15	3.96	4.25	4.25	4.245
nTAADCLASER	3.99	4.317	3.131	4.072	4.184	4.014	4.082	4.133	4.117	4.189	4.063	4.27	4.07	4.37	4.37	4.367
nTDQGVTNEAAAAACK	3.99	4.317	3.131	4.072	4.184	4.014	4.082	4.133	4.117	4.189	4.063	4.27	4.07	4.37	4.37	4.365
mMDMSTSECFGCGR	3.99	4.317	1.352	4.072	4.184	4.013	4.082	4.132	4.117	4.189	4.062	4.27	4.07	4.37	4.37	4.367
mMEGSGEEFLK	3.99	4.251	3.918	3.964	3.98	4.003	3.803	4.017	4.014	4.113	4.064	4.15	3.96	4.25	4.25	4.245
nADSSESFNMATSPTR	3.99	4.317	4.213	4.072	4.184	4.015	4.082	4.133	4.117	4.189	4.065	4.27	4.07	4.37	4.37	4.367
nSSEVETSTEEQQEMQDTVVSPEKAEEIK	3.99	3.93	3.67	3.666	3.653	3.641	3.528	3.708	3.715	3.747	3.711	3.86	3.66	3.93	3.93	3.931
nADVLDLHEAGGEDFPMDEDGDESIHK	3.99	3.842	3.298	3.639	3.696	3.446	3.674	3.673	3.682	3.609	3.522	3.84	3.63	3.89	3.89	3.892
mMEAEQNQEVQEAVPETQEVAAQQEEKSEPK	3.99	3.994	3.67	3.717	3.675	3.728	3.528	3.755	3.767	3.815	3.799	3.91	3.71	3.98	3.98	3.979
nADKEKDVPVVEDEDEPDLNYQPPAQK	3.99	3.932	3.67	3.726	3.77	3.547	3.739	3.758	3.77	3.703	3.622	3.93	3.72	3.97	3.97	3.97
nSDEGKLFIGGLSYDTTEQSLEEAFSK	3.99	4.056	3.536	3.818	3.844	3.73	3.757	3.857	3.865	3.865	3.798	4.02	3.81	4.08	4.08	4.077
nADKMDMSLDDIIK	3.99	4.053	4.207	3.872	4.02	3.638	4.044	3.917	3.913	3.846	3.703	4.08	3.87	4.14	4.14	4.136
nAATVEELYR	3.99	4.538	3.131	4.26	4.258	4.282	4.082	4.301	4.311	4.39	4.347	4.45	4.26	4.53	4.53	4.527
nAENEPQVQFK	3.99	4.538	4.213	4.26	4.258	4.282	4.082	4.301	4.311	4.39	4.347	4.45	4.26	4.53	4.53	4.526
nMESVIAEGGASR	3.99	4.538	4.213	4.26	4.258	4.282	4.082	4.301	4.311	4.39	4.347	4.45	4.26	4.53	4.53	4.527
mMELEAMTR	3.99	4.538	4.213	4.26	4.258	4.282	4.082	4.301	4.311	4.39	4.347	4.45	4.26	4.53	4.53	4.527
mMEEAPPSLR	3.99	4.538	4.213	4.26	4.258	4.282	4.082	4.301	4.311	4.39	4.347	4.45	4.26	4.53	4.53	4.527
mMELITILEK	3.99	4.538	4.213	4.26	4.258	4.282	4.082	4.301	4.311	4.39	4.347	4.45	4.26	4.53	4.53	4.526
mMESVIAEGGASR	3.99	4.538	4.213	4.26	4.258	4.282	4.082	4.301	4.311	4.39	4.347	4.45	4.26	4.53	4.53	4.527
nAATSDIQVK	3.99	6.131	6.898	6.75	6.337	5.707	6.024	5.965	6.731	5.986	6.223	5.79	6.75	5.88	5.88	5.874
nADAFIGTWNLK	3.99	6.131	6.898	6.75	6.337	5.707	6.024	5.965	6.731	5.986	6.223	5.79	6.75	5.88	5.88	5.874
nADLAGLVQR	3.99	6.132	6.898	6.781	6.339	5.707	6.026	5.965	6.757	5.987	6.226	5.79	6.78	5.88	5.88	5.874
nATAAAPVSPDQPGK	3.99	6.131	6.898	6.75	6.337	5.707	6.024	5.965	6.731	5.986	6.223	5.79	6.75	5.88	5.88	5.874
nAVPPAYADLGK	3.99	6.128	3.301	6.673	6.33	5.706	6.022	5.963	6.677	5.982	6.197	5.79	6.68	5.88	5.88	5.874
nMDSSLTAAQIR	3.99	6.132	6.898	6.781	6.339	5.707	6.026	5.965	6.757	5.987	6.226	5.53	6.54	5.59	5.59	5.593
mMDSSLTAAQIR	3.99	6.132	6.898	6.781	6.339	5.707	6.026	5.965	6.757	5.987	6.226	5.53	6.54	5.59	5.59	5.593
mMNDTVTVR	3.99	6.132	6.898	6.781	6.339	5.707	6.026	5.965	6.757	5.987	6.226	5.53	6.54	5.59	5.59	5.593
nSMIDSPLSVLGQR	3.99	6.132	6.898	6.781	6.339	5.707	6.026	5.965	6.757	5.987	6.226	5.47	6.51	5.55	5.55	5.553
nSSEAETQQPPQPAADAESPSSPAAAATAGDKK	3.99	4.151	4.032	3.92	3.952	3.819	3.875	3.956	3.966	3.96	3.886	4.12	3.92	4.18	4.18	4.176
mMDLTETGVNQNAGQVIKDELAEK	3.99	4.151	4.032	3.92	3.952	3.819	3.875	3.956	3.966	3.96	3.886	4.12	3.92	4.18	4.18	4.176
nADDPSAADRNVEIWK	3.99	4.165	4.207	3.965	4.063	3.782	4.044	4.005	4.008	3.967	3.847	4.17	3.96	4.23	4.23	4.225
nGTRDDEYDYLFK	3.99	4.165	2.961	3.965	4.063	3.782	4.044	4.005	4.008	3.967	3.847	4.17	3.96	4.23	4.23	4.225
nADQLTEEQIAEFKEAFSLFDKDGDGTITTK	3.99	4.041	3.984	3.83	3.857	3.67	3.815	3.858	3.874	3.818	3.745	4.03	3.83	4.07	4.07	4.067
nAATDVDIFSNEEKR	3.99	4.286	4.207	4.063	4.105	3.944	4.044	4.097	4.109	4.093	4.011	4.26	4.06	4.32	4.32	4.317
nSDKPNLEEVTSFDK	3.99	4.286	4.207	4.063	4.105	3.944	4.044	4.097	4.109	4.093	4.011	4.26	4.06	4.32	4.32	4.315
nSDNGELEDKPPAPPVR	3.99	4.286	4.207	4.063	4.105	3.944	4.044	4.097	4.109	4.093	4.011	4.26	4.06	4.32	4.32	4.317
nSGGLDVLQMKEEDVLK	3.99	4.286	4.207	4.063	4.105	3.944	4.044	4.097	4.109	4.093	4.011	4.26	4.06	4.32	4.32	4.315
nSGGLDVLQMKEEDVLK	3.99	4.286	4.207	4.063	4.105	3.944	4.044	4.097	4.109	4.093	4.011	4.26	4.06	4.32	4.32	4.315
nADGAVVDGDKLSK	3.99	4.345	4.506	4.171	4.312	3.931	4.337	4.209	4.211	4.147	3.993	4.37	4.17	4.43	4.43	4.425
nMDTLYISSHPDDFR	3.99	4.34	3.032	4.161	4.308	3.93	4.333	4.199	4.201	4.145	3.99	4.36	4.16	4.41	4.41	4.406
nSLSGASDKTSDSPDVFQIK	3.99	4.345	4.506	4.171	4.312	3.931	4.337	4.209	4.211	4.147	3.993	4.37	4.17	4.43	4.43	4.425
nMDTANQDINLNSPHKGLGSDSISDLPEER	3.99	4.19	3.909	3.992	4.043	3.801	4.029	4.018	4.035	3.964	3.875	4.19	3.99	4.23	4.23	4.227
mMDTANQDINLNSPHKGLGSDSISDLPEER	3.99	4.19	3.909	3.992	4.043	3.801	4.029	4.018	4.035	3.964	3.875	4.19	3.99	4.23	4.23	4.227
mMDAEMEQAKETTAVTETTEKPSQVEGSENK	3.99	4.232	3.984	3.982	3.926	3.933	3.815	4.003	4.031	4.025	4.011	4.18	3.98	4.22	4.22	4.215
mMDTEMEQAKETTAVTETTEKPSQVEGSENK	3.99	4.232	3.984	3.982	3.926	3.933	3.815	4.003	4.031	4.025	4.011	4.18	3.98	4.22	4.22	4.215
nAAAAVVEFQR	3.99	6.361	6.898	6.972	6.41	5.977	6.026	6.14	6.952	6.177	6.517	5.98	6.97	6.05	6.05	6.035
nAAGTLYTYPENWR	3.99	6.354	1.356	6.824	6.397	5.975	6.022	6.136	6.846	6.17	6.467	5.97	6.84	6.05	6.05	6.035
nAATAVEFQR	3.99	6.361	6.898	6.972	6.41	5.977	6.026	6.14	6.952	6.177	6.517	5.98	6.97	6.05	6.05	6.035
nANVLLEFK	3.99	6.359	6.898	6.941	6.409	5.976	6.024	6.14	6.927	6.176	6.513	5.98	6.94	6.05	6.05	6.035
nATQAAEVIFAQK	3.99	6.359	6.898	6.941	6.409	5.976	6.024	6.14	6.927	6.176	6.513	5.98	6.94	6.05	6.05	6.035
nATTIESGNAGAANK	3.99	6.359	6.898	6.941	6.409	5.976	6.024	6.14	6.927	6.176	6.513	5.98	6.94	6.05	6.05	6.035
nAVNVFSTSVTSENLSR	3.99	6.361	6.898	6.972	6.41	5.977	6.026	6.14	6.952	6.177	6.517	5.98	6.97	6.05	6.05	6.035
nSELDQLRQEAEQLK	3.99	4.407	4.207	4.162	4.148	4.104	4.044	4.189	4.21	4.217	4.176	4.36	4.16	4.41	4.41	4.405
nTAQMENQLCK	3.99	6.327	3.301	6.282	6.232	5.5	5.964	6.055	6.291	6.121	5.595	5.72	6.29	5.66	5.66	5.661
nTEPQSALLLR	3.99	6.361	6.898	6.972	6.41	5.977	6.026	6.14	6.952	6.177	6.517	5.74	7.34	5.66	5.66	5.661
nTSLGSQGSSSSSSTEYVVR	3.99	6.357	3.301	6.886	6.403	5.976	6.024	6.138	6.893	6.174	6.491	5.74	7.08	5.66	5.66	5.661
mMEAAMAITTK	3.99	6.359	6.898	6.941	6.409	5.976	6.024	6.14	6.927	6.176	6.513	5.72	6.72	5.75	5.75	5.749
mMNEISVVR	3.99	6.361	6.898	6.972	6.41	5.977	6.026	6.14	6.952	6.177	6.517	5.72	6.73	5.75	5.75	5.749
nAQFQEVMR	3.99	6.361	6.898	6.972	6.41	5.977	6.026	6.14	6.952	6.177	6.517	5.98	6.97	6.05	6.05	6.035
nATAAVSAPAGGGPNPGSGAEMVR	3.99	6.361	6.898	6.972	6.41	5.977	6.026	6.14	6.952	6.177	6.517	5.98	6.97	6.05	6.05	6.035
nMEAAMAITTK	3.99	6.359	6.898	6.941	6.409	5.976	6.024	6.14	6.927	6.176	6.513	5.72	6.72	5.75	5.75	5.749
nTTTTTFQGMEPGAK	3.99	6.359	6.898	6.941	6.409	5.976	6.024	6.14	6.927	6.176	6.513	5.74	7.21	5.66	5.66	5.661
nASGVAISDDVIAHYELIR	3.99	4.51	3.032	4.297	4.366	4.16	4.333	4.327	4.34	4.321	4.223	4.49	4.29	4.54	4.54	4.537
nATTENAESGSPENKVDRADPDAK	3.99	4.274	4.204	4.061	4.074	3.916	4.03	4.084	4.106	4.055	3.991	4.26	4.06	4.3	4.3	4.295
nADAKVDSATEISAK	3.99	4.519	4.506	4.31	4.37	4.162	4.337	4.34	4.354	4.325	4.229	4.51	4.31	4.56	4.56	4.556
nAEPDKLNIDSIIQR	3.99	4.519	4.506	4.31	4.37	4.162	4.337	4.34	4.354	4.325	4.229	4.51	4.31	4.56	4.56	4.557
nAESDKINIDSIIQR	3.99	4.519	4.506	4.31	4.37	4.162	4.337	4.34	4.354	4.325	4.229	4.51	4.31	4.56	4.56	4.557
nASGGESKNDDLSTAILK	3.99	4.519	4.506	4.31	4.37	4.162	4.337	4.34	4.354	4.325	4.229	4.51	4.31	4.56	4.56	4.556
nGDREDLVYQAK	3.99	4.519	3.918	4.31	4.37	4.162	4.337	4.34	4.354	4.325	4.229	4.51	4.31	4.56	4.56	4.556
nVSVINTVDTSHEDMIHDAQMDYYGTR	3.99	4.302	1.502	4.114	4.19	3.901	4.199	4.139	4.155	4.077	3.972	4.32	4.11	4.34	4.34	4.337
nAFAGILKDEDVAAALKDCAAADSFNYK	3.99	4.308	3.628	4.123	4.193	3.902	4.203	4.148	4.166	4.079	3.975	4.33	4.12	4.36	4.36	4.355
nMDDIQVESKPLIVDKDLQGLR	3.99	4.308	4.38	4.123	4.193	3.902	4.203	4.148	4.166	4.079	3.975	4.33	4.12	4.36	4.36	4.357
mMDDIQVESKPLIVDKDLQGLR	3.99	4.308	4.38	4.123	4.193	3.902	4.203	4.148	4.166	4.079	3.975	4.33	4.12	4.36	4.36	4.357
nAETADRMEVSQGESSAKPAAEDMTSK	3.99	4.358	4.204	4.127	4.104	4.03	4.03	4.147	4.174	4.143	4.106	4.33	4.13	4.36	4.36	4.355
nADNQEMSPLEKK	4.28	4.68	4.506	4.441	4.426	4.372	4.337	4.463	4.488	4.486	4.446	4.64	4.44	4.68	4.68	4.677
nAERPEDLNLPNAVITR	4.28	4.68	4.506	4.441	4.426	4.372	4.337	4.463	4.488	4.486	4.446	4.64	4.44	4.68	4.68	4.678
nGEQLSPDEKFQLITR	4.28	4.68	4.506	4.441	4.426	4.372	4.337	4.463	4.488	4.486	4.446	4.64	4.44	4.68	4.68	4.678
nSEKGEVDLTGAK	4.28	4.68	4.506	4.441	4.426	4.372	4.337	4.463	4.488	4.486	4.446	4.64	4.44	4.68	4.68	4.677
nADFHSSFDLPSAGSSEKAEAAELQR	4.28	4.506	4.032	4.277	4.263	4.177	4.201	4.295	4.323	4.292	4.253	4.48	4.28	4.5	4.5	4.497
nMDTANQDINLNSPHK	4.28	5.374	4.213	5.097	5.408	5.249	5.416	5.112	5.118	5.345	5.162	5.21	5.1	5.19	5.19	5.194
nMDTANQDINLNSPHK	4.28	5.374	4.213	5.097	5.408	5.249	5.416	5.112	5.118	5.345	5.162	5.21	5.1	5.19	5.19	5.194
nADQAFVTLATTDKYAK	4.28	6.262	4.213	6.801	6.441	5.811	6.159	6.098	6.806	6.07	6.312	5.94	6.81	6	6	5.988
nANLAVAAAAAAAARDPAVDR	4.28	6.268	7.042	6.929	6.45	5.812	6.166	6.1	6.904	6.075	6.344	5.94	6.93	6.01	6.01	5.998
nSHVAVENVHGLDQQLAALDLSSADVQGVTGR	4.28	4.629	3.748	4.424	4.489	4.259	4.489	4.444	4.465	4.415	4.327	4.62	4.42	4.63	4.63	4.628
nSSAATTPPSVDKVDGFSR	4.28	6.267	7.042	6.897	6.449	5.812	6.163	6.1	6.878	6.074	6.341	5.62	6.65	5.68	5.68	5.681
nSDKPDVSEVSHFDK	4.28	4.638	4.207	4.439	4.494	4.262	4.494	4.458	4.481	4.42	4.333	4.64	4.44	4.66	4.66	4.657
nMEPGVEAAGVHVRDELSEK	4.28	4.598	4.032	4.351	4.297	4.297	4.201	4.366	4.399	4.388	4.375	4.55	4.35	4.57	4.57	4.566
nMESENKYLPQLLAER	4.28	4.816	3.918	4.555	4.479	4.537	4.337	4.572	4.605	4.619	4.615	4.75	4.55	4.78	4.78	4.779
nMEWKPMEINPEMLNK	4.28	4.816	4.506	4.555	4.479	4.537	4.337	4.572	4.605	4.619	4.615	4.75	4.55	4.78	4.78	4.779
nMEWKPMEINPEMLNK	4.28	4.816	4.506	4.555	4.479	4.537	4.337	4.572	4.605	4.619	4.615	4.75	4.55	4.78	4.78	4.779
nMEWKPMEINPEMLNK	4.28	4.816	4.506	4.555	4.479	4.537	4.337	4.572	4.605	4.619	4.615	4.75	4.55	4.78	4.78	4.779
nMEWKPMEINPEMLNK	4.28	4.816	4.506	4.555	4.479	4.537	4.337	4.572	4.605	4.619	4.615	4.75	4.55	4.78	4.78	4.779
nMEWKPMEINPEMLNK	4.28	4.816	4.506	4.555	4.479	4.537	4.337	4.572	4.605	4.619	4.615	4.75	4.55	4.78	4.78	4.779
nSDKPNLEEVTSFDKTK	4.28	4.779	4.68	4.558	4.545	4.442	4.499	4.574	4.604	4.56	4.52	4.75	4.56	4.78	4.78	4.779
nAGDESGTTLGQPHLYK	4.28	5.525	3.132	5.216	5.454	5.449	5.416	5.224	5.24	5.488	5.372	5.35	5.22	5.32	5.32	5.324
nADKAQLQEAIK	4.28	6.416	7.042	6.988	6.493	6.012	6.161	6.211	6.976	6.217	6.547	6.05	6.99	6.11	6.11	6.09
nADKLELISK	4.28	6.416	7.042	6.988	6.493	6.012	6.161	6.211	6.976	6.217	6.547	6.05	6.99	6.11	6.11	6.09
nADREQLIQR	4.28	6.419	7.042	7.046	6.496	6.013	6.166	6.211	7.024	6.219	6.555	6.05	7.04	6.12	6.12	6.1
nASSVGNVADSTEPTKR	4.28	6.418	7.042	7.015	6.494	6.013	6.163	6.211	6.999	6.218	6.551	6.05	7.02	6.11	6.11	6.091
nATPLTDQEKR	4.28	6.418	7.042	7.015	6.494	6.013	6.163	6.211	6.999	6.218	6.551	6.05	7.02	6.11	6.11	6.091
nAYLTTNPADKER	4.28	6.414	4.213	6.938	6.488	6.012	6.161	6.209	6.945	6.215	6.525	6.05	6.95	6.11	6.11	6.091
nGLNNDPNFIKLEQWYK	4.28	6.413	4.213	6.918	6.486	6.012	6.159	6.209	6.927	6.214	6.522	6.05	6.9	6.07	6.07	6.053
nMDKSELVQK	4.28	6.416	7.042	6.988	6.493	6.012	6.161	6.211	6.976	6.217	6.547	5.8	6.79	5.82	5.82	5.816
nSGLQGLAQENIWFDKSR	4.28	6.418	7.042	7.015	6.494	6.013	6.163	6.211	6.999	6.218	6.551	5.74	6.77	5.79	5.79	5.788
nSTLVANRPVDLNGPEAAAR	4.28	6.419	7.042	7.046	6.496	6.013	6.166	6.211	7.024	6.219	6.555	5.74	6.78	5.79	5.79	5.788
nSYGRPPPDVEGMTSLK	4.28	6.414	4.213	6.938	6.488	6.012	6.161	6.209	6.945	6.215	6.525	5.74	6.74	5.79	5.79	5.788
nSYGRPPPDVEGMTSLK	4.28	6.414	4.213	6.938	6.488	6.012	6.161	6.209	6.945	6.215	6.525	5.74	6.74	5.79	5.79	5.788
nSDKSELKAELER	4.28	4.891	4.68	4.649	4.588	4.585	4.499	4.662	4.698	4.674	4.666	4.84	4.65	4.87	4.87	4.87
nSGDLPLNINIKEPR	4.51	6.418	7.042	7.015	6.494	6.013	6.163	6.211	6.999	6.218	6.551	5.74	6.77	5.79	5.79	5.788
nMESENKYLPQLLAERDSLDPSFTHAMK	4.51	4.934	4.032	4.697	4.665	4.621	4.611	4.707	4.742	4.714	4.697	4.89	4.7	4.9	4.9	4.9
nAAQEVLTASHVEK	4.51	5.62	4.213	5.298	5.493	5.556	5.416	5.302	5.324	5.578	5.484	5.43	5.3	5.4	5.4	5.404
nAEVVELHK	4.51	5.62	4.213	5.298	5.493	5.556	5.416	5.302	5.324	5.578	5.484	5.43	5.3	5.4	5.4	5.404
nMNSVGEGCTELKR	4.51	6.474	4.213	6.432	6.355	5.644	6.103	6.2	6.441	6.249	5.744	5.86	6.41	5.9	5.9	5.893
nMEKPAGSLQEQALK	4.51	6.505	7.042	7.063	6.531	6.116	6.161	6.285	7.053	6.303	6.652	5.87	6.86	5.9	5.9	5.893
nSNPTPEAKPGNAENPR	4.51	6.507	7.042	7.09	6.532	6.117	6.163	6.285	7.076	6.304	6.656	5.82	6.84	5.86	5.86	5.855
nVSKLENAMEGLIK	4.51	6.505	7.042	7.063	6.531	6.116	6.161	6.285	7.053	6.303	6.652	6.1	7.04	6.11	6.11	6.09
nSDKPDVSEVSHFDKNK	4.51	5.619	4.68	5.33	5.57	5.511	5.568	5.334	5.354	5.558	5.44	5.43	5.33	5.41	5.41	5.414
nSEDKPKEGVKTENDHINLK	4.76	5.764	4.804	5.46	5.652	5.673	5.619	5.461	5.486	5.699	5.609	5.56	5.46	5.53	5.53	5.534
nSEEKPKEGVKTENDHINLK	4.76	5.805	4.804	5.495	5.67	5.72	5.619	5.496	5.523	5.74	5.658	5.59	5.5	5.57	5.57	5.573
nSIGVPIKVLHEAEGHIVTCETNTGEVYR	4.76	5.618	2.963	5.296	5.476	5.495	5.411	5.299	5.322	5.566	5.445	5.42	5.3	5.38	5.38	5.384
nSKEQQTPREPEQLR	4.76	6.594	7.124	7.178	6.611	6.202	6.248	6.372	7.164	6.385	6.742	5.91	6.93	5.95	5.95	5.941
nAAAAGHYYGDGGR	5.28	7.293	1.45	7.695	7.535	7.149	7.245	6.998	7.693	7.262	7.466	6.79	7.71	6.79	6.79	6.684
mMHGPPSSDSACPLR	5.28	7.262	3.302	7.156	7.36	6.632	7.175	6.907	7.14	7.201	6.594	6.52	7.14	6.49	6.49	6.432
nAAIPASGSLVATHDYYR	5.28	7.293	1.45	7.695	7.535	7.149	7.245	6.998	7.693	7.262	7.466	6.79	7.71	6.79	6.79	6.684
nAAPVMDTCHVSCCANR	5.28	7.2	0.47	6.908	7.18	6.25	7.07	6.788	6.892	7.102	6.229	6.68	6.91	6.76	6.76	6.659
nTSVHFNPGLDSK	5.28	7.3	6.898	7.815	7.549	7.15	7.248	7.002	7.775	7.27	7.516	6.55	8.09	6.41	6.41	6.361
mMNVIDHVR	5.33	7.301	6.898	7.846	7.551	7.15	7.251	7.002	7.802	7.271	7.521	6.53	7.61	6.5	6.5	6.441
mMWGGHNDGDQQGHVSAR	5.33	6.394	4.213	6.012	6.499	6.545	6.481	6.005	6.013	6.516	6.33	6.01	6.01	5.94	5.94	5.932
mMDKDNLSVVLHAK	5.35	7.299	7.042	7.788	7.548	7.15	7.246	7.004	7.753	7.269	7.512	6.54	7.59	6.5	6.5	6.439
mMEPLSAAHAR	5.35	7.304	6.898	7.849	7.551	7.152	7.251	7.005	7.804	7.272	7.522	6.54	7.61	6.5	6.5	6.441
mMETLYHQTNK	5.35	7.298	3.302	7.739	7.542	7.15	7.245	7.003	7.723	7.266	7.49	6.54	7.57	6.5	6.5	6.439
nAAPGPGEYFSVGSHVSCLTCLGQR	5.35	7.228	0.47	7.001	7.252	6.402	7.115	6.842	6.986	7.145	6.37	6.71	7	6.77	6.77	6.667
nMEPLSAAHAR	5.35	7.304	6.898	7.849	7.551	7.152	7.251	7.005	7.804	7.272	7.522	6.54	7.61	6.5	6.5	6.441
nSAVYGGVEGGGTHSK	5.35	7.298	3.302	7.739	7.542	7.15	7.245	7.003	7.723	7.266	7.49	6.48	7.54	6.47	6.47	6.413
nSHQTGIQATGEVK	5.35	7.302	6.898	7.817	7.55	7.151	7.248	7.005	7.778	7.271	7.518	6.48	7.57	6.47	6.47	6.413
nSLEVHCLSFR	5.35	7.264	3.302	7.159	7.36	6.634	7.175	6.91	7.143	7.202	6.598	6.46	7.14	6.46	6.46	6.406
nTHQFPALSTEQK	5.35	7.302	6.898	7.817	7.55	7.151	7.248	7.005	7.778	7.271	7.518	6.56	8.09	6.41	6.41	6.361
nTSIHFVVHPLPGTEDQLNDRLR	5.35	6.404	4.506	6.026	6.502	6.549	6.483	6.019	6.029	6.52	6.338	6.04	6.03	5.93	5.93	5.922
nVHYLTEQR	5.35	7.299	3.302	7.76	7.543	7.151	7.248	7.003	7.743	7.268	7.494	6.77	7.75	6.72	6.72	6.627
nSAHSAEEPFPFHGLLPK	5.5	6.408	4.213	6.028	6.501	6.551	6.48	6.021	6.032	6.522	6.342	6.02	6.03	5.95	5.95	5.941
nASASYHISNLLEK	5.5	7.298	3.302	7.739	7.542	7.15	7.245	7.003	7.723	7.266	7.49	6.79	7.75	6.79	6.79	6.68
nASTYNSFNLHTTAEK	5.5	7.298	3.302	7.739	7.542	7.15	7.245	7.003	7.723	7.266	7.49	6.79	7.75	6.79	6.79	6.68
nMEPLSAAHAR	5.5	7.304	6.898	7.849	7.551	7.152	7.251	7.005	7.804	7.272	7.522	6.54	7.61	6.5	6.5	6.441
nMFSFNMFEPHVGR	5.5	7.304	6.898	7.849	7.551	7.152	7.251	7.005	7.804	7.272	7.522	6.54	7.61	6.5	6.5	6.441
nMFSFNMFEPHVGR	5.5	7.304	6.898	7.849	7.551	7.152	7.251	7.005	7.804	7.272	7.522	6.54	7.61	6.5	6.5	6.441
nSTALESYIHR	5.5	7.299	3.302	7.76	7.543	7.151	7.248	7.003	7.743	7.268	7.494	6.48	7.55	6.47	6.47	6.415
nADREHLVYQAK	5.5	7.299	4.213	7.74	7.542	7.15	7.246	7.004	7.725	7.267	7.49	6.8	7.75	6.8	6.8	6.688