Peptide	Experimental	Iterative_Sillero	Iterative_Patrickios	Iterative_Lehninger	Iterative_Emboss	Iterative_Grimsley	Iterative_DTASelect	Iterative_Rodwell	Iterative_Solomon	Iterative_Thurkill	Iterative_Toseland	Bjell_Default	Bjell_Skood	Bjell_Expasy	Bjell_Calibrated	SVM
nAAAEDTNSNVTQNPSGSDAPK	3.99	3.338	3.031	2.874	3.38	3.082	3.224	3.202	2.924	3.302	3.107	3.52	3.33	3.78	3.78	3.786
nADTAVDTTTTSEITAK	3.99	3.338	3.031	2.874	3.38	3.082	3.224	3.202	2.924	3.302	3.107	3.52	3.33	3.78	3.78	3.786
nANLTDAASLQQFDELLK	3.99	3.338	3.031	2.874	3.38	3.082	3.224	3.202	2.924	3.302	3.107	3.52	3.33	3.78	3.78	3.786
nSDTSTGDVGSVEPGVR	3.99	3.338	3.031	2.874	3.38	3.082	3.224	3.202	2.924	3.302	3.107	3.52	3.33	3.78	3.78	3.79
nAEEGIAAGGVMDVNTALPEVLK	3.99	3.375	2.959	2.889	3.332	3.17	3.135	3.213	2.941	3.36	3.19	3.53	3.34	3.78	3.78	3.786
nADQAFVTLATTDK	3.99	3.389	3.131	2.924	3.492	3.13	3.346	3.266	2.973	3.369	3.15	3.63	3.44	3.89	3.89	3.892
nSSIGTGYDLSASTFSPDGR	3.99	3.389	1.352	2.924	3.492	3.13	3.346	3.266	2.973	3.369	3.15	3.63	3.44	3.89	3.89	3.895
nAAAMDVDTPSGANSGASK	3.99	3.389	3.131	2.924	3.492	3.13	3.346	3.266	2.973	3.369	3.15	3.63	3.44	3.89	3.89	3.892
nAAQVTESDQIK	3.99	3.503	3.131	3.008	3.55	3.301	3.346	3.361	3.06	3.53	3.308	3.79	3.6	4.02	4.02	4.019
nANGAEDVVFCR	3.99	3.503	1.352	3.008	3.55	3.301	3.346	3.361	3.06	3.53	3.308	3.79	3.6	4.02	4.02	4.021
nASEIALLSVSDK	3.99	3.503	3.131	3.008	3.55	3.301	3.346	3.361	3.06	3.53	3.308	3.79	3.6	4.02	4.02	4.019
nSGLQGLAQENIWFDK	3.99	3.503	3.131	3.008	3.55	3.301	3.346	3.361	3.06	3.53	3.308	3.79	3.6	4.02	4.02	4.019
nSSLSAASVEASPAAIEGAEQK	3.99	3.556	3.031	3.03	3.473	3.423	3.224	3.37	3.084	3.595	3.431	3.78	3.59	3.99	3.99	3.989
nTAADCLASER	3.99	3.503	1.352	3.008	3.55	3.301	3.346	3.361	3.06	3.53	3.308	3.79	3.6	4.02	4.02	4.021
nTDQGVTNEAAAAACK	3.99	3.503	1.352	3.008	3.55	3.301	3.346	3.361	3.06	3.53	3.308	3.79	3.6	4.02	4.02	4.019
mMDMSTSECFGCGR	3.99	3.503	0.296	3.008	3.55	3.301	3.346	3.361	3.06	3.53	3.308	3.79	3.6	4.02	4.02	4.021
mMEGSGEEFLK	3.99	3.556	3.031	3.03	3.473	3.423	3.224	3.37	3.084	3.595	3.431	3.78	3.59	3.99	3.99	3.989
nADSSESFNMATSPTR	3.99	3.503	3.131	3.008	3.55	3.301	3.346	3.361	3.06	3.53	3.308	3.79	3.6	4.02	4.02	4.021
nSSEVETSTEEQQEMQDTVVSPEKAEEIK	3.99	3.637	3.345	3.333	3.412	3.371	3.267	3.429	3.382	3.496	3.427	3.71	3.51	3.81	3.81	3.815
nADVLDLHEAGGEDFPMDEDGDESIHK	3.99	3.63	2.727	3.409	3.509	3.242	3.474	3.467	3.453	3.412	3.314	3.73	3.53	3.79	3.79	3.796
mMEAEQNQEVQEAVPETQEVAAQQEEKSEPK	3.99	3.703	3.345	3.386	3.433	3.467	3.267	3.476	3.437	3.571	3.524	3.76	3.56	3.86	3.86	3.863
nADKEKDVPVVEDEDEPDLNYQPPAQK	3.99	3.706	3.345	3.484	3.573	3.328	3.528	3.539	3.528	3.495	3.398	3.81	3.61	3.87	3.87	3.873
nSDEGKLFIGGLSYDTTEQSLEEAFSK	3.99	3.71	2.858	3.434	3.56	3.404	3.446	3.528	3.48	3.564	3.458	3.84	3.64	3.93	3.93	3.931
nADKMDMSLDDIIK	3.99	3.661	3.748	3.426	3.662	3.283	3.644	3.529	3.468	3.494	3.339	3.86	3.65	3.95	3.95	3.95
nAATVEELYR	3.99	3.665	1.352	3.129	3.614	3.545	3.346	3.484	3.183	3.731	3.547	3.99	3.8	4.17	4.17	4.168
nAENEPQVQFK	3.99	3.665	3.131	3.129	3.614	3.545	3.346	3.484	3.183	3.731	3.547	3.99	3.8	4.17	4.17	4.166
nMESVIAEGGASR	3.99	3.665	3.131	3.129	3.614	3.545	3.346	3.484	3.183	3.731	3.547	3.99	3.8	4.17	4.17	4.168
mMELEAMTR	3.99	3.665	3.131	3.129	3.614	3.545	3.346	3.484	3.183	3.731	3.547	3.99	3.8	4.17	4.17	4.168
mMEEAPPSLR	3.99	3.665	3.131	3.129	3.614	3.545	3.346	3.484	3.183	3.731	3.547	3.99	3.8	4.17	4.17	4.168
mMELITILEK	3.99	3.665	3.131	3.129	3.614	3.545	3.346	3.484	3.183	3.731	3.547	3.99	3.8	4.17	4.17	4.166
mMESVIAEGGASR	3.99	3.665	3.131	3.129	3.614	3.545	3.346	3.484	3.183	3.731	3.547	3.99	3.8	4.17	4.17	4.168
nAATSDIQVK	3.99	3.6	3.301	3.101	3.75	3.4	3.55	3.48	3.151	3.67	3.395	4.09	3.89	4.31	4.31	4.306
nADAFIGTWNLK	3.99	3.6	3.301	3.101	3.75	3.4	3.55	3.48	3.151	3.67	3.395	4.09	3.89	4.31	4.31	4.306
nADLAGLVQR	3.99	3.6	3.301	3.101	3.75	3.4	3.55	3.48	3.151	3.67	3.395	4.09	3.89	4.31	4.31	4.307
nATAAAPVSPDQPGK	3.99	3.6	3.301	3.101	3.75	3.4	3.55	3.48	3.151	3.67	3.395	4.09	3.89	4.31	4.31	4.306
nAVPPAYADLGK	3.99	3.6	1.356	3.101	3.75	3.4	3.55	3.48	3.151	3.67	3.395	4.09	3.89	4.31	4.31	4.306
nMDSSLTAAQIR	3.99	3.6	3.301	3.101	3.75	3.4	3.55	3.48	3.151	3.67	3.395	4.09	3.89	4.31	4.31	4.307
mMDSSLTAAQIR	3.99	3.6	3.301	3.101	3.75	3.4	3.55	3.48	3.151	3.67	3.395	4.09	3.89	4.31	4.31	4.307
mMNDTVTVR	3.99	3.6	3.301	3.101	3.75	3.4	3.55	3.48	3.151	3.67	3.395	4.09	3.89	4.31	4.31	4.307
nSMIDSPLSVLGQR	3.99	3.6	3.301	3.101	3.75	3.4	3.55	3.48	3.151	3.67	3.395	4.09	3.89	4.31	4.31	4.307
nSSEAETQQPPQPAADAESPSSPAAAATAGDKK	3.99	3.77	3.628	3.502	3.638	3.457	3.532	3.593	3.548	3.626	3.51	3.92	3.72	4.01	4.01	4.009
mMDLTETGVNQNAGQVIKDELAEK	3.99	3.77	3.628	3.502	3.638	3.457	3.532	3.593	3.548	3.626	3.51	3.92	3.72	4.01	4.01	4.009
nADDPSAADRNVEIWK	3.99	3.745	3.748	3.501	3.699	3.391	3.644	3.597	3.544	3.592	3.444	3.94	3.74	4.03	4.03	4.028
nGTRDDEYDYLFK	3.99	3.745	1.439	3.501	3.699	3.391	3.644	3.597	3.544	3.592	3.444	3.94	3.74	4.03	4.03	4.028
nADQLTEEQIAEFKEAFSLFDKDGDGTITTK	3.99	3.797	3.736	3.572	3.646	3.432	3.591	3.623	3.617	3.593	3.5	3.91	3.7	3.96	3.96	3.96
nAATDVDIFSNEEKR	3.99	3.845	3.748	3.588	3.738	3.523	3.644	3.675	3.633	3.703	3.574	4.03	3.83	4.12	4.12	4.119
nSDKPNLEEVTSFDK	3.99	3.845	3.748	3.588	3.738	3.523	3.644	3.675	3.633	3.703	3.574	4.03	3.83	4.12	4.12	4.117
nSDNGELEDKPPAPPVR	3.99	3.845	3.748	3.588	3.738	3.523	3.644	3.675	3.633	3.703	3.574	4.03	3.83	4.12	4.12	4.119
nSGGLDVLQMKEEDVLK	3.99	3.845	3.748	3.588	3.738	3.523	3.644	3.675	3.633	3.703	3.574	4.03	3.83	4.12	4.12	4.117
nSGGLDVLQMKEEDVLK	3.99	3.845	3.748	3.588	3.738	3.523	3.644	3.675	3.633	3.703	3.574	4.03	3.83	4.12	4.12	4.117
nADGAVVDGDKLSK	3.99	3.82	3.918	3.593	3.826	3.45	3.803	3.687	3.635	3.67	3.5	4.08	3.87	4.16	4.16	4.156
nMDTLYISSHPDDFR	3.99	3.819	1.442	3.591	3.825	3.45	3.802	3.685	3.632	3.67	3.5	4.07	3.87	4.16	4.16	4.158
nSLSGASDKTSDSPDVFQIK	3.99	3.82	3.918	3.593	3.826	3.45	3.803	3.687	3.635	3.67	3.5	4.08	3.87	4.16	4.16	4.156
nMDTANQDINLNSPHKGLGSDSISDLPEER	3.99	3.897	3.536	3.688	3.786	3.515	3.756	3.735	3.731	3.693	3.582	4.04	3.84	4.09	4.09	4.089
mMDTANQDINLNSPHKGLGSDSISDLPEER	3.99	3.897	3.536	3.688	3.786	3.515	3.756	3.735	3.731	3.693	3.582	4.04	3.84	4.09	4.09	4.089
mMDAEMEQAKETTAVTETTEKPSQVEGSENK	3.99	3.988	3.736	3.727	3.714	3.697	3.591	3.767	3.776	3.804	3.767	4.06	3.86	4.11	4.11	4.107
mMDTEMEQAKETTAVTETTEKPSQVEGSENK	3.99	3.988	3.736	3.727	3.714	3.697	3.591	3.767	3.776	3.804	3.767	4.06	3.86	4.11	4.11	4.107
nAAAAVVEFQR	3.99	3.85	3.301	3.296	3.85	3.75	3.55	3.675	3.351	3.96	3.74	4.46	4.26	4.59	4.59	4.588
nAAGTLYTYPENWR	3.99	3.85	0.296	3.296	3.85	3.75	3.55	3.675	3.351	3.96	3.74	4.46	4.26	4.59	4.59	4.588
nAATAVEFQR	3.99	3.85	3.301	3.296	3.85	3.75	3.55	3.675	3.351	3.96	3.74	4.46	4.26	4.59	4.59	4.588
nANVLLEFK	3.99	3.85	3.301	3.296	3.85	3.75	3.55	3.675	3.351	3.96	3.74	4.46	4.26	4.59	4.59	4.587
nATQAAEVIFAQK	3.99	3.85	3.301	3.296	3.85	3.75	3.55	3.675	3.351	3.96	3.74	4.46	4.26	4.59	4.59	4.587
nATTIESGNAGAANK	3.99	3.85	3.301	3.296	3.85	3.75	3.55	3.675	3.351	3.96	3.74	4.46	4.26	4.59	4.59	4.587
nAVNVFSTSVTSENLSR	3.99	3.85	3.301	3.296	3.85	3.75	3.55	3.675	3.351	3.96	3.74	4.46	4.26	4.59	4.59	4.588
nSELDQLRQEAEQLK	3.99	3.96	3.748	3.685	3.778	3.678	3.644	3.762	3.733	3.827	3.731	4.13	3.93	4.21	4.21	4.206
nTAQMENQLCK	3.99	3.85	1.356	3.296	3.85	3.749	3.55	3.675	3.351	3.96	3.739	4.46	4.26	4.59	4.59	4.587
nTEPQSALLLR	3.99	3.85	3.301	3.296	3.85	3.75	3.55	3.675	3.351	3.96	3.74	4.46	4.26	4.59	4.59	4.588
nTSLGSQGSSSSSSTEYVVR	3.99	3.85	1.356	3.296	3.85	3.75	3.55	3.675	3.351	3.96	3.74	4.46	4.26	4.59	4.59	4.588
mMEAAMAITTK	3.99	3.85	3.301	3.296	3.85	3.75	3.55	3.675	3.351	3.96	3.74	4.46	4.26	4.59	4.59	4.587
mMNEISVVR	3.99	3.85	3.301	3.296	3.85	3.75	3.55	3.675	3.351	3.96	3.74	4.46	4.26	4.59	4.59	4.588
nAQFQEVMR	3.99	3.85	3.301	3.296	3.85	3.75	3.55	3.675	3.351	3.96	3.74	4.46	4.26	4.59	4.59	4.588
nATAAVSAPAGGGPNPGSGAEMVR	3.99	3.85	3.301	3.296	3.85	3.75	3.55	3.675	3.351	3.96	3.74	4.46	4.26	4.59	4.59	4.588
nMEAAMAITTK	3.99	3.85	3.301	3.296	3.85	3.75	3.55	3.675	3.351	3.96	3.74	4.46	4.26	4.59	4.59	4.587
nTTTTTFQGMEPGAK	3.99	3.85	3.301	3.296	3.85	3.75	3.55	3.675	3.351	3.96	3.74	4.46	4.26	4.59	4.59	4.587
nASGVAISDDVIAHYELIR	3.99	3.942	1.442	3.7	3.875	3.609	3.802	3.783	3.743	3.806	3.656	4.19	3.99	4.27	4.27	4.267
nATTENAESGSPENKVDRADPDAK	3.99	3.974	3.909	3.752	3.815	3.618	3.757	3.795	3.797	3.777	3.685	4.11	3.91	4.16	4.16	4.156
nADAKVDSATEISAK	3.99	3.944	3.918	3.703	3.876	3.609	3.803	3.786	3.746	3.807	3.657	4.2	4	4.28	4.28	4.276
nAEPDKLNIDSIIQR	3.99	3.944	3.918	3.703	3.876	3.609	3.803	3.786	3.746	3.807	3.657	4.2	4	4.28	4.28	4.277
nAESDKINIDSIIQR	3.99	3.944	3.918	3.703	3.876	3.609	3.803	3.786	3.746	3.807	3.657	4.2	4	4.28	4.28	4.277
nASGGESKNDDLSTAILK	3.99	3.944	3.918	3.703	3.876	3.609	3.803	3.786	3.746	3.807	3.657	4.2	4	4.28	4.28	4.276
nGDREDLVYQAK	3.99	3.944	3.032	3.703	3.876	3.609	3.803	3.786	3.746	3.807	3.657	4.2	4	4.28	4.28	4.276
nVSVINTVDTSHEDMIHDAQMDYYGTR	3.99	3.963	0.593	3.764	3.883	3.569	3.874	3.81	3.805	3.758	3.635	4.14	3.93	4.18	4.18	4.178
nAFAGILKDEDVAAALKDCAAADSFNYK	3.99	3.965	2.906	3.768	3.884	3.569	3.875	3.814	3.81	3.759	3.636	4.15	3.94	4.19	4.19	4.186
nMDDIQVESKPLIVDKDLQGLR	3.99	3.965	4.032	3.768	3.884	3.57	3.875	3.814	3.81	3.759	3.636	4.15	3.94	4.19	4.19	4.188
mMDDIQVESKPLIVDKDLQGLR	3.99	3.965	4.032	3.768	3.884	3.57	3.875	3.814	3.81	3.759	3.636	4.15	3.94	4.19	4.19	4.188
nAETADRMEVSQGESSAKPAAEDMTSK	3.99	4.056	3.909	3.818	3.844	3.73	3.757	3.857	3.865	3.865	3.798	4.18	3.97	4.22	4.22	4.216
nADNQEMSPLEKK	4.28	4.091	3.918	3.829	3.928	3.803	3.803	3.898	3.875	3.96	3.854	4.33	4.13	4.39	4.39	4.386
nAERPEDLNLPNAVITR	4.28	4.091	3.918	3.829	3.928	3.803	3.803	3.898	3.875	3.96	3.854	4.33	4.13	4.39	4.39	4.387
nGEQLSPDEKFQLITR	4.28	4.091	3.918	3.829	3.928	3.803	3.803	3.898	3.875	3.96	3.854	4.33	4.13	4.39	4.39	4.387
nSEKGEVDLTGAK	4.28	4.091	3.918	3.829	3.928	3.803	3.803	3.898	3.875	3.96	3.854	4.33	4.13	4.39	4.39	4.386
nADFHSSFDLPSAGSSEKAEAAELQR	4.28	4.149	3.628	3.917	3.952	3.818	3.875	3.953	3.963	3.959	3.885	4.3	4.1	4.33	4.33	4.327
nMDTANQDINLNSPHK	4.28	4.094	3.132	3.878	4.107	3.737	4.079	3.958	3.919	3.969	3.778	4.52	4.32	4.58	4.58	4.577
nMDTANQDINLNSPHK	4.28	4.094	3.132	3.878	4.107	3.737	4.079	3.958	3.919	3.969	3.778	4.52	4.32	4.58	4.58	4.577
nADQAFVTLATTDKYAK	4.28	4.098	3.132	3.884	4.109	3.738	4.082	3.965	3.925	3.971	3.78	4.55	4.35	4.62	4.62	4.617
nANLAVAAAAAAAARDPAVDR	4.28	4.098	4.213	3.884	4.109	3.738	4.082	3.965	3.925	3.971	3.78	4.55	4.34	4.62	4.62	4.618
nSHVAVENVHGLDQQLAALDLSSADVQGVTGR	4.28	4.16	2.962	3.958	4.06	3.781	4.042	3.997	4	3.965	3.844	4.38	4.18	4.41	4.41	4.407
nSSAATTPPSVDKVDGFSR	4.28	4.098	4.213	3.884	4.109	3.738	4.082	3.965	3.925	3.971	3.78	4.55	4.34	4.62	4.62	4.618
nSDKPDVSEVSHFDK	4.28	4.163	3.748	3.962	4.061	3.782	4.043	4.001	4.004	3.966	3.846	4.39	4.18	4.42	4.42	4.416
nMEPGVEAAGVHVRDELSEK	4.28	4.248	3.628	3.997	3.986	3.951	3.875	4.028	4.045	4.062	4.021	4.37	4.17	4.41	4.41	4.406
nMESENKYLPQLLAER	4.28	4.251	3.032	3.964	3.98	4.003	3.803	4.018	4.014	4.113	4.064	4.45	4.25	4.51	4.51	4.507
nMEWKPMEINPEMLNK	4.28	4.251	3.918	3.964	3.98	4.003	3.803	4.018	4.014	4.113	4.064	4.45	4.25	4.51	4.51	4.506
nMEWKPMEINPEMLNK	4.28	4.251	3.918	3.964	3.98	4.003	3.803	4.018	4.014	4.113	4.064	4.45	4.25	4.51	4.51	4.506
nMEWKPMEINPEMLNK	4.28	4.251	3.918	3.964	3.98	4.003	3.803	4.018	4.014	4.113	4.064	4.45	4.25	4.51	4.51	4.506
nMEWKPMEINPEMLNK	4.28	4.251	3.918	3.964	3.98	4.003	3.803	4.018	4.014	4.113	4.064	4.45	4.25	4.51	4.51	4.506
nMEWKPMEINPEMLNK	4.28	4.251	3.918	3.964	3.98	4.003	3.803	4.018	4.014	4.113	4.064	4.45	4.25	4.51	4.51	4.506
nSDKPNLEEVTSFDKTK	4.28	4.286	4.207	4.064	4.105	3.944	4.044	4.097	4.109	4.093	4.012	4.49	4.29	4.53	4.53	4.526
nAGDESGTTLGQPHLYK	4.28	4.31	1.446	4.062	4.181	4.013	4.079	4.122	4.106	4.186	4.06	4.71	4.52	4.75	4.75	4.749
nADKAQLQEAIK	4.28	4.317	4.213	4.072	4.184	4.015	4.082	4.133	4.117	4.189	4.065	4.76	4.56	4.81	4.81	4.809
nADKLELISK	4.28	4.317	4.213	4.072	4.184	4.015	4.082	4.133	4.117	4.189	4.065	4.76	4.56	4.81	4.81	4.809
nADREQLIQR	4.28	4.317	4.213	4.072	4.184	4.015	4.082	4.133	4.117	4.189	4.065	4.76	4.56	4.81	4.81	4.81
nASSVGNVADSTEPTKR	4.28	4.317	4.213	4.072	4.184	4.015	4.082	4.133	4.117	4.189	4.065	4.76	4.56	4.81	4.81	4.81
nATPLTDQEKR	4.28	4.317	4.213	4.072	4.184	4.015	4.082	4.133	4.117	4.189	4.065	4.76	4.56	4.81	4.81	4.81
nAYLTTNPADKER	4.28	4.317	3.132	4.072	4.184	4.015	4.082	4.133	4.117	4.189	4.065	4.76	4.56	4.81	4.81	4.81
nGLNNDPNFIKLEQWYK	4.28	4.317	3.132	4.072	4.184	4.015	4.082	4.133	4.117	4.189	4.065	4.76	4.56	4.81	4.81	4.809
nMDKSELVQK	4.28	4.317	4.213	4.072	4.184	4.015	4.082	4.133	4.117	4.189	4.065	4.76	4.56	4.81	4.81	4.809
nSGLQGLAQENIWFDKSR	4.28	4.317	4.213	4.072	4.184	4.015	4.082	4.133	4.117	4.189	4.065	4.76	4.56	4.81	4.81	4.81
nSTLVANRPVDLNGPEAAAR	4.28	4.317	4.213	4.072	4.184	4.015	4.082	4.133	4.117	4.189	4.065	4.76	4.56	4.81	4.81	4.81
nSYGRPPPDVEGMTSLK	4.28	4.317	3.132	4.072	4.184	4.015	4.082	4.133	4.117	4.189	4.065	4.76	4.56	4.81	4.81	4.809
nSYGRPPPDVEGMTSLK	4.28	4.317	3.132	4.072	4.184	4.015	4.082	4.133	4.117	4.189	4.065	4.76	4.56	4.81	4.81	4.809
nSDKSELKAELER	4.28	4.407	4.207	4.162	4.148	4.104	4.044	4.189	4.21	4.217	4.176	4.59	4.39	4.62	4.62	4.618
nSGDLPLNINIKEPR	4.51	4.317	4.213	4.072	4.184	4.015	4.082	4.133	4.117	4.189	4.065	4.76	4.56	4.81	4.81	4.81
nMESENKYLPQLLAERDSLDPSFTHAMK	4.51	4.506	3.628	4.277	4.263	4.177	4.201	4.295	4.323	4.292	4.253	4.67	4.47	4.69	4.69	4.688
nAAQEVLTASHVEK	4.51	4.528	3.132	4.246	4.254	4.279	4.079	4.287	4.294	4.385	4.339	4.87	4.68	4.89	4.89	4.89
nAEVVELHK	4.51	4.528	3.132	4.246	4.254	4.279	4.079	4.287	4.294	4.385	4.339	4.87	4.68	4.89	4.89	4.89
nMNSVGEGCTELKR	4.51	4.538	3.132	4.26	4.258	4.28	4.082	4.301	4.311	4.39	4.344	4.93	4.73	4.97	4.97	4.971
nMEKPAGSLQEQALK	4.51	4.538	4.213	4.26	4.258	4.282	4.082	4.301	4.311	4.39	4.347	4.93	4.73	4.97	4.97	4.971
nSNPTPEAKPGNAENPR	4.51	4.538	4.213	4.26	4.258	4.282	4.082	4.301	4.311	4.39	4.347	4.93	4.73	4.97	4.97	4.971
nVSKLENAMEGLIK	4.51	4.538	4.213	4.26	4.258	4.282	4.082	4.301	4.311	4.39	4.347	4.93	4.73	4.97	4.97	4.971
nSDKPDVSEVSHFDKNK	4.51	4.638	4.207	4.439	4.494	4.262	4.494	4.459	4.481	4.42	4.333	4.97	4.78	4.97	4.97	4.971
nSEDKPKEGVKTENDHINLK	4.76	4.934	4.38	4.697	4.665	4.622	4.611	4.708	4.742	4.715	4.697	5.18	5	5.18	5.18	5.183
nSEEKPKEGVKTENDHINLK	4.76	5.015	4.38	4.763	4.699	4.724	4.611	4.771	4.809	4.8	4.799	5.24	5.06	5.23	5.23	5.234
nSIGVPIKVLHEAEGHIVTCETNTGEVYR	4.76	4.948	1.558	4.678	4.614	4.682	4.489	4.689	4.723	4.753	4.749	5.12	4.95	5.11	5.11	5.113
nSKEQQTPREPEQLR	4.76	4.817	4.506	4.555	4.479	4.537	4.337	4.572	4.605	4.619	4.615	5.15	4.95	5.17	5.17	5.173
nAAAAGHYYGDGGR	5.28	5.235	0.47	4.938	5.294	5.16	5.278	4.97	4.958	5.261	5.041	6.1	6.01	6	6	5.989
mMHGPPSSDSACPLR	5.28	5.235	1.45	4.936	5.292	5.05	5.276	4.969	4.957	5.259	4.982	6.09	6	6	6	5.989
nAAIPASGSLVATHDYYR	5.28	5.235	0.47	4.938	5.294	5.16	5.278	4.97	4.958	5.261	5.041	6.1	6.01	6	6	5.989
nAAPVMDTCHVSCCANR	5.28	5.234	0.174	4.934	5.287	4.922	5.271	4.966	4.954	5.254	4.897	6.07	5.99	6	6	5.989
nTSVHFNPGLDSK	5.28	5.235	3.302	4.938	5.294	5.16	5.278	4.97	4.958	5.261	5.041	6.1	6.01	6	6	5.989
mMNVIDHVR	5.33	5.235	3.302	4.938	5.294	5.16	5.278	4.97	4.958	5.261	5.041	6.1	6.01	6.01	6.01	5.999
mMWGGHNDGDQQGHVSAR	5.33	5.218	3.134	4.934	5.252	5.112	5.265	4.951	4.954	5.196	5.006	5.66	5.57	5.58	5.58	5.582
mMDKDNLSVVLHAK	5.35	5.378	4.213	5.097	5.41	5.267	5.423	5.114	5.118	5.353	5.163	6.11	6.02	6.02	6.02	6.008
mMEPLSAAHAR	5.35	5.463	3.302	5.128	5.365	5.429	5.278	5.144	5.154	5.452	5.33	6.12	6.03	6.03	6.03	6.018
mMETLYHQTNK	5.35	5.463	1.45	5.128	5.365	5.429	5.278	5.144	5.154	5.451	5.329	6.12	6.03	6.03	6.03	6.018
nAAPGPGEYFSVGSHVSCLTCLGQR	5.35	5.462	0.174	5.126	5.361	5.239	5.274	5.141	5.151	5.447	5.217	6.1	6.01	6.03	6.03	6.018
nMEPLSAAHAR	5.35	5.463	3.302	5.128	5.365	5.429	5.278	5.144	5.154	5.452	5.33	6.12	6.03	6.03	6.03	6.018
nSAVYGGVEGGGTHSK	5.35	5.463	1.45	5.128	5.365	5.429	5.278	5.144	5.154	5.451	5.329	6.12	6.03	6.03	6.03	6.018
nSHQTGIQATGEVK	5.35	5.463	3.302	5.128	5.365	5.429	5.278	5.144	5.154	5.452	5.33	6.12	6.03	6.03	6.03	6.018
nSLEVHCLSFR	5.35	5.462	1.45	5.127	5.363	5.314	5.276	5.142	5.152	5.449	5.266	6.11	6.02	6.03	6.03	6.018
nTHQFPALSTEQK	5.35	5.463	3.302	5.128	5.365	5.429	5.278	5.144	5.154	5.452	5.33	6.12	6.03	6.03	6.03	6.018
nTSIHFVVHPLPGTEDQLNDRLR	5.35	5.416	3.918	5.111	5.362	5.342	5.353	5.12	5.134	5.375	5.246	5.71	5.61	5.63	5.63	5.632
nVHYLTEQR	5.35	5.463	1.45	5.128	5.365	5.429	5.278	5.144	5.154	5.451	5.33	6.12	6.03	6.03	6.03	6.018
nSAHSAEEPFPFHGLLPK	5.5	5.457	3.134	5.127	5.335	5.415	5.265	5.135	5.152	5.425	5.32	5.72	5.61	5.64	5.64	5.642
nASASYHISNLLEK	5.5	5.463	1.45	5.128	5.365	5.429	5.278	5.144	5.154	5.451	5.329	6.12	6.03	6.03	6.03	6.018
nASTYNSFNLHTTAEK	5.5	5.463	1.45	5.128	5.365	5.429	5.278	5.144	5.154	5.451	5.329	6.12	6.03	6.03	6.03	6.018
nMEPLSAAHAR	5.5	5.463	3.302	5.128	5.365	5.429	5.278	5.144	5.154	5.452	5.33	6.12	6.03	6.03	6.03	6.018
nMFSFNMFEPHVGR	5.5	5.463	3.302	5.128	5.365	5.429	5.278	5.144	5.154	5.452	5.33	6.12	6.03	6.03	6.03	6.018
nMFSFNMFEPHVGR	5.5	5.463	3.302	5.128	5.365	5.429	5.278	5.144	5.154	5.452	5.33	6.12	6.03	6.03	6.03	6.018
nSTALESYIHR	5.5	5.463	1.45	5.128	5.365	5.429	5.278	5.144	5.154	5.451	5.33	6.12	6.03	6.03	6.03	6.018
nADREHLVYQAK	5.5	5.53	3.134	5.216	5.456	5.467	5.423	5.226	5.24	5.497	5.373	6.13	6.04	6.05	6.05	6.036
