Peptide	Experimental	Iterative_Sillero	Iterative_Patrickios	Iterative_Lehninger	Iterative_Emboss	Iterative_Grimsley	Iterative_DTASelect	Iterative_Rodwell	Iterative_Solomon	Iterative_Thurkill	Iterative_Toseland	Bjell_Default	Bjell_Skood	Bjell_Expasy	Bjell_Calibrated	SVM
oMLPHAPGVQoMQAIPEDAVQEDpSGDEEDDPDKR	3.99	3.63	3.301	3.411	3.51	3.244	3.475	3.469	3.454	3.414	3.315	3.6	3.4	3.69	3.69	3.706
ADQLpTEEQIAEFK	3.99	3.379	2.977	2.909	3.335	3.176	3.142	3.219	2.959	3.364	3.196	2.95	2.84	3.51	3.51	3.537
AFQEYVEPEEATPGpSPQR	3.99	3.48	1.8	2.978	3.374	3.339	3.142	3.293	3.03	3.498	3.352	3.01	2.91	3.59	3.59	3.613
AISEELDHALNDoMTpSI	3.99	3.298	1.8	2.852	3.299	3.048	3.141	3.154	2.9	3.25	3.077	2.97	2.86	3.43	3.43	3.473
DLoMHEDDDDpSGDEEGQRFFAGGSER	3.99	3.63	3.301	3.411	3.51	3.244	3.475	3.469	3.454	3.414	3.315	3.6	3.4	3.69	3.69	3.706
DYQENYQpSDPEAEPR	3.99	3.262	0.765	2.818	3.23	3.013	3.073	3.111	2.866	3.202	3.045	2.86	2.75	3.39	3.39	3.432
EEVLPTpTPVSEQK	3.99	3.558	3.048	3.048	3.475	3.427	3.229	3.375	3.1	3.596	3.435	3.08	2.98	3.67	3.67	3.685
KVEAPAPAAPApSDpSEDEGSLSR	3.99	3.267	2.939	2.838	3.235	3.021	3.08	3.118	2.884	3.207	3.052	2.88	2.78	3.39	3.39	3.432
LLSALSGELEPGQpSPTR	3.99	3.667	3.147	3.146	3.615	3.548	3.35	3.488	3.198	3.732	3.549	3.17	3.07	3.79	3.79	3.8
LSVQApSDEEEEEEVVVPAK	3.99	3.256	2.836	2.796	3.146	3.047	2.966	3.081	2.847	3.206	3.077	2.84	2.73	3.36	3.36	3.402
nAETAPAPAApSPAKAPK	3.99	3.85	3.316	3.313	3.85	3.751	3.554	3.678	3.366	3.959	3.742	5.45	5.38	5.49	5.49	5.494
NGQQDAApSEDEEEEEDEAQDTPRPPR	3.99	3.423	3.259	3.141	3.277	3.092	3.185	3.249	3.187	3.249	3.154	3.31	3.12	3.48	3.48	3.513
RPASPDEpTGSTQWQSADLGTDER	3.99	3.687	3.629	3.432	3.607	3.345	3.533	3.529	3.476	3.531	3.399	3.62	3.42	3.77	3.77	3.781
RPEVVDpSDDEPVESQQK	3.99	3.637	3.537	3.374	3.533	3.304	3.448	3.473	3.418	3.48	3.359	3.56	3.36	3.71	3.71	3.723
RVVIpSDDDDTPATVK	3.99	3.662	3.748	3.428	3.662	3.285	3.644	3.53	3.47	3.495	3.341	3.61	3.42	3.77	3.77	3.779
SGIEpSDEDPEAKSETPEPKPE	3.99	3.617	3.401	3.33	3.441	3.32	3.32	3.428	3.377	3.467	3.376	3.51	3.32	3.82	3.82	3.821
SPPpSPTPADTAPTMPEDNRPSSWASVTSK	3.99	3.943	3.918	3.704	3.876	3.61	3.803	3.786	3.747	3.807	3.658	3.89	3.69	4.03	4.03	4.03
SPPpSPTPADTAPToMPEDNRPSSWASVTSK	3.99	3.943	3.918	3.704	3.876	3.61	3.803	3.786	3.747	3.807	3.658	3.89	3.69	4.03	4.03	4.03
SSSVFEEpTSPVSSPTTK	3.99	3.667	3.147	3.146	3.615	3.548	3.35	3.488	3.198	3.732	3.549	3.18	3.07	3.79	3.79	3.798
SVLQSEIDApSSPLoMYGTPSSR	3.99	3.506	1.81	3.027	3.552	3.306	3.35	3.365	3.076	3.532	3.314	3.06	2.95	3.67	3.67	3.687
SVLQSEIDASpSPLMYGTPSSR	3.99	3.506	1.81	3.027	3.552	3.306	3.35	3.365	3.076	3.532	3.314	3.06	2.95	3.67	3.67	3.687
SVpTPPTAAEPDTTQSGPSR	3.99	3.506	3.147	3.027	3.552	3.306	3.35	3.365	3.076	3.532	3.314	3.06	2.95	3.67	3.67	3.687
SVSpTSSLDoMTGNEAILCASEK	3.99	3.435	1.805	2.961	3.428	3.234	3.229	3.283	3.01	3.437	3.248	3	2.89	3.58	3.58	3.601
TGVEpSDDENDLKSEGSEPTPE	3.99	3.124	2.802	2.702	3.056	2.849	2.923	2.969	2.75	3.022	2.893	2.76	2.64	3.4	3.4	3.433
TPEELDDpSDFETEDFDSR	3.99	3.028	2.772	2.632	2.982	2.711	2.885	2.883	2.679	2.889	2.765	2.68	2.57	3.14	3.14	3.215
TPEIApSPQNQQR	3.99	3.85	3.315	3.312	3.85	3.751	3.554	3.677	3.365	3.959	3.741	3.33	3.23	4	4	4.002
VEEHNGADDEDDDIDLFGpSDEEDEEAER	3.99	3.209	2.623	2.935	3.088	2.838	3.031	3.048	2.98	3.001	2.909	3.1	2.91	3.28	3.28	3.335
VIPELDRYEAEGLDEDEDLSELpSPSAR	3.99	3.448	2.746	3.17	3.313	3.113	3.225	3.278	3.215	3.274	3.175	3.34	3.15	3.51	3.51	3.54
VLQGQNALApTEEDGSDDEELDDAAoMoMK	3.99	3.028	2.772	2.632	2.982	2.711	2.885	2.883	2.679	2.889	2.765	2.69	2.57	3.14	3.14	3.211
VQpTNQDGLPLSpTVR	3.99	2.327	1.983	1.95	2.463	2.295	2.285	2.274	1.977	2.435	2.277	1.88	1.88	2.47	2.47	2.702
VRQEGMLDKTApSGEDDDDTDAPpSPK	3.99	3.415	3.403	3.162	3.359	3.04	3.322	3.271	3.204	3.224	3.104	3.34	3.15	3.5	3.5	3.528
VRQEGMLDKTASGEDDDDTDAPpSPK	3.99	3.691	3.736	3.484	3.604	3.291	3.592	3.54	3.527	3.473	3.362	3.68	3.48	3.76	3.76	3.77
VRQEGoMLDKpTASGEDDDDTDAPpSPK	3.99	3.415	3.403	3.162	3.359	3.04	3.322	3.271	3.204	3.224	3.104	3.34	3.15	3.5	3.5	3.528
VRQEGoMLDKTASGEDDDDTDAPpSPK	3.99	3.691	3.736	3.484	3.604	3.291	3.592	3.54	3.527	3.473	3.362	3.68	3.48	3.76	3.76	3.77
VVIpSDDDDTPATVK	3.99	3.177	2.977	2.767	3.233	2.865	3.142	3.053	2.813	3.075	2.908	2.82	2.7	3.32	3.32	3.367
VVNYSQFNEpSDDADEDYGR	3.99	3.127	0.765	2.717	3.122	2.822	3.015	2.989	2.763	3.014	2.868	2.76	2.65	3.25	3.25	3.309
VVNYSQFNEpSDDADEDYGRK	3.99	3.573	1.809	3.318	3.506	3.216	3.448	3.422	3.362	3.403	3.274	3.5	3.3	3.66	3.66	3.676
pTpTLCVEILIKEQIR	4.28	3.669	1.987	3.163	3.617	3.55	3.355	3.491	3.213	3.733	3.552	3.19	3.09	3.79	3.79	3.8
DKpSPVRQPIDNLSPEER	4.28	4.283	4.205	4.062	4.104	3.944	4.044	4.096	4.108	4.092	4.011	4.26	4.06	4.31	4.31	4.307
GLLYDpSEDEDDKRPTKR	4.28	4.19	3.909	3.994	4.044	3.802	4.03	4.02	4.037	3.964	3.876	4.2	3.99	4.23	4.23	4.227
KVVNYSQFNEpSDDADEDYGRK	4.28	3.898	2.878	3.69	3.787	3.517	3.757	3.737	3.733	3.693	3.584	3.89	3.68	3.96	3.96	3.962
LKpSITLDDSNAPR	4.28	4.096	4.21	3.884	4.107	3.739	4.08	3.964	3.925	3.97	3.781	4.08	3.88	4.21	4.21	4.207
RAPPRDYQENYQpSDPEAEPR	4.28	4.15	2.923	3.92	3.952	3.819	3.875	3.956	3.966	3.96	3.886	4.12	3.92	4.18	4.18	4.178
RRpSVVEQLDDGEPQPK	4.28	4.283	4.205	4.062	4.104	3.944	4.044	4.096	4.108	4.092	4.011	4.26	4.06	4.31	4.31	4.306
TGVEpSDDENDLKSEGSEPTPE	4.28	3.124	2.802	2.702	3.056	2.849	2.923	2.969	2.75	3.022	2.893	2.76	2.64	3.4	3.4	3.433
VEEHNGADDEDDDIDLFGpSDEEDEEAER	4.28	3.209	2.623	2.935	3.088	2.838	3.031	3.048	2.98	3.001	2.909	3.1	2.91	3.28	3.28	3.335
AEVGEVpSPLQHSSK	4.51	4.52	3.148	4.242	4.251	4.275	4.077	4.283	4.29	4.38	4.334	4.43	4.24	4.5	4.5	4.496
AITALLGGAAApSPR	4.51	4.848	4.463	4.435	5.049	4.888	4.796	4.796	4.463	5.079	4.846	4.34	4.36	5.01	5.01	5.012
DSFSGSGWGAGQRpSPR	4.51	5.281	5.354	5.187	5.293	5.097	5.271	5.211	5.208	5.234	5.124	5.27	5.19	5.32	5.32	5.324
GGGMGTPQGPHPQGMTELGpSPQGLAQEPR	4.51	4.52	3.148	4.242	4.251	4.275	4.077	4.283	4.29	4.38	4.334	4.43	4.24	4.5	4.5	4.497
GGGMGTPQGPHPQGoMpTELGSPQGLAQEPR	4.51	4.52	3.148	4.242	4.251	4.275	4.077	4.283	4.29	4.38	4.334	4.43	4.24	4.5	4.5	4.497
GGGoMGpTPQGPHPQGoMTELGSPQGLAQEPR	4.51	4.52	3.148	4.242	4.251	4.275	4.077	4.283	4.29	4.38	4.334	4.43	4.24	4.5	4.5	4.497
GGGoMGTPQGPHPQGMpTELGSPQGLAQEPR	4.51	4.52	3.148	4.242	4.251	4.275	4.077	4.283	4.29	4.38	4.334	4.43	4.24	4.5	4.5	4.497
GISSPYNVpSSGPSSR	4.51	4.848	1.82	4.435	5.049	4.888	4.796	4.796	4.463	5.078	4.846	4.34	4.36	5	5	5.002
GLLYDpSEDEDDKRPTKR	4.51	4.19	3.909	3.994	4.044	3.802	4.03	4.02	4.037	3.964	3.876	4.2	3.99	4.23	4.23	4.227
KRDPPTPASEDPLpSPPSQR	4.51	4.512	4.5	4.306	4.366	4.16	4.333	4.336	4.35	4.322	4.226	4.5	4.3	4.55	4.55	4.547
NFSSLpSYSGPSMSR	4.51	4.848	1.82	4.435	5.049	4.888	4.796	4.796	4.463	5.078	4.846	4.32	4.36	5	4.92	4.921
nSSTpSQKHKDFVAEPMGEK	4.51	4.659	3.918	4.419	4.417	4.365	4.329	4.441	4.464	4.475	4.432	5.37	5.27	5.35	5.35	5.354
RRpSVVEQLDDGEPQPK	4.51	4.283	4.205	4.062	4.104	3.944	4.044	4.096	4.108	4.092	4.011	4.26	4.06	4.31	4.31	4.306
SISYSSGGpSIR	4.51	4.848	1.82	4.435	5.049	4.888	4.796	4.796	4.463	5.078	4.846	4.28	4.36	4.95	4.95	4.951
SITYSSGGpSIR	4.51	4.848	1.82	4.435	5.049	4.888	4.796	4.796	4.463	5.078	4.846	4.28	4.36	4.95	4.95	4.951
AITALLGGAAApSPR	4.76	4.848	4.463	4.435	5.049	4.888	4.796	4.796	4.463	5.079	4.846	4.34	4.36	5.01	5.01	5.012
AIGGIILTApSHNPGGPNGDFGIK	4.76	5.098	3.316	4.871	5.136	4.972	5.116	4.901	4.891	5.091	4.923	4.99	4.87	5.01	5.01	5.012
RDpSLTGSSDLYKR	4.76	5.422	4.21	5.341	5.408	5.203	5.416	5.35	5.362	5.326	5.245	5.34	5.34	5.45	5.45	5.454
SLAPSpTPLTGR	4.76	4.848	4.463	4.435	5.049	4.888	4.796	4.796	4.463	5.079	4.846	4.28	4.36	4.95	4.95	4.951
SLPTTVPDpSPSHR	4.76	5.098	3.316	4.871	5.136	4.972	5.116	4.901	4.891	5.091	4.923	4.97	4.87	5	5	5.002
SPLLAGGpSPPQPVVPTPK	4.76	4.848	4.463	4.435	5.049	4.888	4.796	4.796	4.463	5.078	4.846	4.28	4.36	4.95	4.95	4.951
TISLPVTpSPNSK	4.76	4.848	4.463	4.435	5.049	4.888	4.796	4.796	4.463	5.078	4.846	4.3	4.36	4.94	4.94	4.941
LQNLGVSTpSPLKPQpTPPRER	5.03	5.345	5.193	5.217	5.206	5.211	5.117	5.227	5.241	5.267	5.252	5.3	5.22	5.33	5.33	5.334
AADSKQPSILDVLSKApSPK	5.03	5.422	5.513	5.341	5.408	5.203	5.416	5.35	5.362	5.326	5.245	5.42	5.34	5.45	5.45	5.454
FSLTLSPDRPAApTK	5.03	5.281	5.354	5.187	5.293	5.097	5.271	5.211	5.208	5.234	5.124	5.22	5.18	5.32	5.32	5.324
KTpSFSNAESFSTTR	5.03	5.508	5.354	5.378	5.364	5.364	5.271	5.384	5.403	5.424	5.413	5.35	5.38	5.48	5.48	5.484
KYVpSKVTPEQK	5.03	7.343	5.354	7.946	7.539	7.099	7.239	7.249	7.932	7.244	7.566	6.59	7.69	7	7	6.85
QPSILDVLSKApSPK	5.03	5.281	5.354	5.187	5.293	5.097	5.271	5.211	5.208	5.234	5.124	5.18	5.18	5.32	5.32	5.324
RDpSLLASSELYKR	5.03	5.573	4.21	5.459	5.454	5.403	5.416	5.461	5.483	5.469	5.455	5.46	5.46	5.55	5.55	5.553
RLpSVELTSSLFR	5.03	5.508	5.354	5.378	5.364	5.364	5.271	5.384	5.403	5.424	5.413	5.37	5.38	5.48	5.48	5.484
RTpSoMGGTQQQFVEGVR	5.03	5.508	5.354	5.378	5.364	5.364	5.271	5.384	5.403	5.424	5.413	5.37	5.38	5.48	5.48	5.484
SLPTTVPDpSPSHR	5.03	5.098	3.316	4.871	5.136	4.972	5.116	4.901	4.891	5.091	4.923	4.97	4.87	5	5	5.002
AALKEQSSSPIAGPPQQLTSpSPR	5.28	5.508	5.354	5.378	5.364	5.364	5.271	5.384	5.403	5.424	5.413	5.45	5.38	5.49	5.49	5.494
ASGQAALpSPNYEGGLHALQNK	5.28	5.318	1.833	5.057	5.206	5.234	5.116	5.07	5.081	5.277	5.204	5.17	5.06	5.17	5.17	5.174
IHRSpSDPGLPPELALPAEAYAHPPPLAR	5.28	5.41	3.051	5.136	5.297	5.319	5.257	5.141	5.16	5.348	5.273	5.26	5.14	5.24	5.24	5.244
RKpSPDVPVNFSEFSK	5.28	5.573	5.513	5.459	5.454	5.403	5.416	5.461	5.483	5.469	5.455	5.46	5.46	5.55	5.55	5.553
RLpSVELTSSLFR	5.28	5.508	5.354	5.378	5.364	5.364	5.271	5.384	5.403	5.424	5.413	5.37	5.38	5.48	5.48	5.484
RPETVAVNYPALNSpSPR	5.28	5.508	3.316	5.378	5.364	5.364	5.271	5.384	5.403	5.424	5.413	5.37	5.38	5.48	5.48	5.484
ASGQAALpSPNYEGGLHALQNK	5.33	5.318	1.833	5.057	5.206	5.234	5.116	5.07	5.081	5.277	5.204	5.17	5.06	5.17	5.17	5.174
KLpTPEPVHALITEK	5.33	5.478	4.21	5.223	5.334	5.38	5.261	5.229	5.249	5.411	5.358	5.31	5.22	5.33	5.33	5.334
KVEEPTTPQKPApSPQLTR	5.33	5.667	5.513	5.538	5.493	5.511	5.416	5.538	5.564	5.559	5.566	5.51	5.54	5.63	5.63	5.632
LHSPPDGNEAPVpSTPPKLTK	5.33	5.386	4.21	5.144	5.296	5.274	5.261	5.152	5.167	5.323	5.248	5.26	5.14	5.25	5.25	5.254
VoMTVTQTLVDGKVVSSSTEpTKK	5.35	5.573	5.513	5.459	5.454	5.403	5.416	5.461	5.483	5.469	5.455	5.53	5.46	5.55	5.55	5.553
RIQSALGYPVCTSIGCAVpSPEVR	5.35	5.506	0.877	5.371	5.359	5.208	5.266	5.377	5.395	5.42	5.266	5.36	5.37	5.48	5.48	5.484
SVKAEVGEVpSPLQHSSK	5.35	5.478	4.21	5.223	5.334	5.38	5.261	5.229	5.249	5.411	5.358	5.32	5.22	5.31	5.31	5.314